0  513  0  2  0  3  0  5  0  7  0  9  0  130  0  142  0  16  0  531  0  20  0  21 
0  27  0  41  0  42  0  171  0  44  0  173  0  174  0  175  0  562  0  435  0  526 
0  65  0  961  0  69  0  73  0  208  0  979  0  213  0  598  0  787  0  89  0  218 
0  92  0  826  0  95  0  228  0  233  0  490  0  109  0  880  0  302  0  500  1  2 
1  3  1  4  1  5  1  7  1  8  1  9  1  11  1  12  1  13  1  16  1  529  1  18 
1  20  1  533  1  22  1  23  1  25  1  28  1  31  1  91  1  550  1  40  1  44 
1  48  1  57  1  61  1  574  1  68  1  73  1  79  1  81  1  594  1  83  1  88 
1  603  1  608  1  624  1  116  1  120  1  125  1  130  1  535  1  657  1  149 
1  673  1  165  1  168  1  691  1  698  1  198  1  723  1  214  1  231  1  235 
1  262  1  264  1  269  1  274  1  285  1  290  1  293  1  810  1  308  1  311 
1  318  1  331  1  849  1  569  1  868  1  877  1  376  1  380  1  893  1  392 
1  919  1  414  1  428  1  430  1  431  1  437  1  960  1  449  1  455  1  458 
1  470  1  485  1  593  1  491  2  939  2  4  2  139  2  273  2  146  2  275 
2  407  2  30  2  33  2  422  2  936  2  43  2  556  2  692  2  312  2  449  2  201 
2  590  2  335  2  596  2  974  2  847  2  348  2  349  2  166  2  361  2  619 
2  238  2  243  2  246  3  259  3  6  3  833  3  8  3  11  3  780  3  14  3  15 
3  272  3  17  3  660  3  610  3  534  3  408  3  155  3  156  3  927  3  34  3  795 
3  134  3  551  3  711  3  172  3  301  3  520  3  562  3  181  3  822  3  439 
3  184  3  313  3  654  3  191  3  64  3  193  3  194  3  838  3  71  3  332  3  162 
3  463  3  693  3  85  3  854  3  216  3  90  3  219  3  349  3  990  3  783  3  225 
3  354  3  355  3  485  3  102  3  360  3  751  3  752  3  244  3  248  3  506 
3  893  3  510  3  341  4  460  4  162  4  784  4  21  4  666  4  475  5  131 
5  260  5  6  5  391  5  136  5  395  5  908  5  17  5  24  5  794  5  30  5  37 
5  168  5  41  5  43  5  174  5  47  5  49  5  52  5  54  5  436  5  842  5  704 
5  705  5  310  5  518  5  203  5  978  5  408  5  785  5  296  5  117  5  247 
6  800  6  36  6  72  6  307  6  10  6  12  6  973  6  910  6  229  6  370  6  19 
6  276  6  585  6  58  6  795  6  777  6  165  7  388  7  665  7  10  7  151  7  269 
7  661  7  23  7  516  7  154  7  667  7  538  7  160  7  293  7  934  7  328 
7  351  7  190  7  72  7  207  7  469  7  479  7  736  7  358  7  153  7  761 
8  135  8  648  8  13  8  858  8  287  8  32  8  35  8  933  8  297  8  554  8  48 
8  305  8  50  8  51  8  566  8  825  8  188  8  322  8  450  8  346  8  604  8  613 
8  860  8  362  8  494  8  379  9  132  9  773  9  685  9  879  9  854  9  762 
9  188  9  542  10  49  10  221  10  118  11  645  11  833  11  266  11  14  11  152 
11  29  11  297  11  426  11  51  11  190  11  65  11  196  11  714  11  588  11  592 
11  211  11  992  11  229  11  875  11  681  12  224  12  98  12  827  12  521 
12  619  12  79  12  272  12  336  12  628  12  496  12  895  12  25  12  346  12  15 
12  832  12  410  12  703  13  64  13  482  13  651  13  38  13  737  13  105  13  203 
13  141  13  847  13  304  13  369  13  178  13  948  13  770  13  792  13  314 
13  316  13  63  14  36  14  37  14  325  14  74  14  851  14  54  14  183  14  891 
14  804  14  155  14  330  14  197  15  133  15  42  15  107  15  110  15  114 
15  643  15  78  15  759  15  187  15  158  16  405  16  663  16  409  16  26 
16  283  16  282  16  671  16  941  16  180  16  952  16  62  16  578  16  323 
16  74  16  976  16  980  16  479  16  98  16  356  16  486  16  242  17  256 
17  384  17  132  17  776  17  137  17  139  17  400  17  472  17  18  17  147 
17  868  17  277  17  22  17  755  17  388  17  154  17  26  17  670  17  32  17  393 
17  163  17  966  17  424  17  170  17  171  17  45  17  814  17  29  17  307  17  53 
17  183  17  568  17  59  17  189  17  446  17  63  17  320  17  962  17  523  17  836 
17  454  17  649  17  77  17  78  17  338  17  419  17  216  17  729  17  352  17  354 
17  100  17  359  17  872  17  106  17  871  17  237  17  239  17  19  17  835 
17  959  17  490  17  255  18  685  18  911  18  337  18  274  19  768  19  662 
19  519  19  528  19  530  19  915  19  150  19  559  19  28  19  541  19  34  19  35 
19  39  19  796  19  813  19  175  19  314  19  191  19  843  19  335  19  82  19  595 
19  724  19  982  19  478  19  230  19  748  19  240  19  764  19  509  20  99 
20  381  20  989  20  586  20  75  20  334  20  111  20  599  20  340  20  279  20  58 
20  92  20  317  20  222  20  491  21  783  21  610  21  123  21  249  21  202 
21  127  21  750  21  111  21  241  21  436  21  667  21  502  21  55  21  376  21  68 
21  698  21  27  21  31  22  552  22  266  22  204  22  237  22  883  22  855  22  888 
22  362  23  994  23  195  23  324  23  39  23  584  23  367  23  688  23  839 
23  499  23  545  23  758  23  55  23  24  23  90  23  399  23  570  23  62  24  129 
24  103  24  426  24  71  24  142  24  432  24  56  26  399  26  148  26  917  26  280 
26  413  26  926  26  803  26  420  26  925  26  52  26  439  26  69  26  80  26  470 
26  93  26  222  26  97  26  101  26  743  26  495  26  499  26  119  26  504  26  633 
26  251  27  33  27  226  27  616  27  617  27  618  27  268  27  461  27  320 
27  177  27  146  27  435  27  471  27  56  27  442  27  60  27  248  28  384  28  514 
28  86  28  198  28  391  28  517  28  47  28  118  28  311  28  88  28  997  28  158 
28  230  29  256  29  260  29  133  29  777  29  909  29  658  29  659  29  276 
29  917  29  805  29  40  29  169  29  204  29  336  29  596  29  213  29  983 
29  221  29  480  29  120  29  122  29  126  30  96  30  897  30  219  30  136 
30  873  30  524  30  66  30  403  30  180  30  691  30  953  30  121  30  835  30  59 
30  636  30  957  30  95  31  579  31  109  31  813  31  400  31  699  32  60  32  61 
32  441  33  258  33  612  33  38  33  46  33  181  33  794  33  590  33  981  34  67 
34  429  35  122  36  385  36  902  36  205  36  46  36  627  36  819  36  186 
36  283  37  134  37  560  37  787  37  84  37  792  38  648  39  739  39  389 
39  103  39  199  39  557  39  206  39  605  39  765  39  718  39  760  39  537 
39  381  40  67  40  805  40  521  40  620  40  273  40  692  40  980  40  634 
41  113  42  289  42  100  42  423  42  811  42  172  42  45  42  944  42  50  42  278 
42  503  42  505  42  461  44  713  44  555  44  882  44  890  45  145  45  941 
45  144  45  536  46  96  46  897  46  299  46  70  46  769  46  394  46  75  46  626 
46  848  46  210  46  115  46  310  46  631  46  664  46  345  46  220  46  157 
46  127  47  138  47  923  47  418  47  932  47  690  47  53  47  57  47  189  47  319 
47  66  47  459  47  76  47  850  47  339  47  600  47  733  47  107  47  623  47  595 
47  83  47  377  47  125  47  382  48  97  48  492  48  468  48  405  48  852  48  539 
48  509  48  94  49  706  49  104  49  389  49  200  49  818  49  150  49  573 
49  159  50  738  50  451  50  549  50  294  50  295  50  233  50  588  50  372 
51  497  51  606  52  421  52  70  52  877  52  151  52  217  53  194  53  516 
53  236  53  370  53  110  53  242  53  594  53  89  53  655  54  736  54  944 
54  771  54  263  54  140  54  816  54  344  55  752  55  167  55  990  55  812 
55  778  55  615  55  396  55  368  55  850  55  659  55  564  55  156  55  126 
56  680  56  626  56  149  57  771  57  170  57  445  57  184  57  93  58  84  58  77 
58  532  59  128  59  176  59  356  59  577  59  144  59  339  59  763  59  252 
59  447  60  138  60  453  61  996  61  200  61  80  61  625  61  726  61  152 
61  828  62  611  62  697  62  621  62  873  62  785  62  632  62  441  62  860 
62  223  63  455  63  296  63  940  63  600  63  254  64  192  64  992  64  772 
64  453  64  956  64  429  64  185  64  986  64  284  64  318  64  575  65  512 
65  866  65  108  65  558  65  790  65  215  67  999  67  106  67  177  67  306 
67  371  67  85  67  182  67  215  67  378  68  128  68  418  68  452  68  101 
68  257  68  744  68  489  68  524  68  718  68  816  68  404  68  544  68  672 
68  94  70  91  70  263  70  340  70  267  70  309  70  217  70  123  71  292  71  680 
71  984  71  823  71  857  71  351  72  214  73  522  73  164  73  864  73  104 
73  298  73  76  73  770  73  206  73  112  73  81  73  82  73  448  73  440  73  921 
73  988  73  253  73  264  74  576  74  898  74  423  74  327  74  796  74  924 
74  371  74  108  74  525  74  530  74  115  74  852  74  86  74  87  74  250  74  508 
74  709  75  802  75  780  75  428  75  465  75  375  75  858  75  829  76  896 
76  99  76  934  76  166  76  458  76  402  76  114  76  598  76  859  76  157 
76  382  76  975  77  806  77  102  77  459  77  373  77  726  77  572  78  614 
78  334  80  332  80  493  80  112  80  179  80  87  80  153  80  859  81  257 
81  261  81  808  81  244  81  695  81  319  84  587  84  621  84  782  84  121 
85  147  85  116  85  182  85  186  85  254  86  494  86  113  86  974  86  286 
86  607  87  224  87  512  87  837  87  141  87  947  87  476  87  383  88  832 
88  235  88  903  88  267  88  462  88  239  88  433  88  702  89  163  89  454 
89  271  89  251  91  193  91  427  91  492  91  379  92  129  92  227  92  444 
92  882  92  623  92  178  92  841  92  124  93  451  93  196  93  135  93  246 
94  788  94  856  95  738  95  708  95  878  95  912  96  684  97  464  97  259 
97  933  97  865  97  333  97  845  97  338  97  117  97  342  97  760  97  639 
98  544  98  326  98  844  98  697  98  250  98  446  99  717  100  416  100  265 
100  143  100  438  100  105  100  543  100  383  101  289  102  900  102  140 
102  814  102  306  102  185  102  827  103  328  104  916  104  357  105  265 
105  907  105  765  106  167  106  779  106  124  106  671  107  560  107  563 
107  686  108  386  108  291  108  353  108  687  108  515  108  727  108  316 
109  871  109  232  109  841  109  365  109  303  109  840  109  969  109  119 
109  431  109  284  109  797  110  288  110  644  110  275  110  568  112  161  112  948 
112  218  112  830  113  145  114  511  115  212  115  197  115  231  116  775  116  343 
119  241  119  542  120  546  120  131  121  202  121  270  121  751  121  689  122  299 
123  359  123  143  124  641  124  978  124  148  124  730  124  285  125  161  125  488 
125  236  125  300  125  302  125  722  125  245  125  668  126  137  126  295  126  564 
127  176  127  529  128  480  128  737  128  710  128  169  128  503  128  848  128  393 
128  286  129  245  129  975  130  363  130  781  130  775  131  540  133  288  133  223 
134  160  134  582  135  838  136  656  137  483  137  205  137  414  139  637  139  798 
140  315  140  757  143  546  143  807  143  330  143  939  143  369  143  474  143  700 
144  729  144  367  146  192  148  348  148  309  148  909  149  258  149  534  149  358 
150  322  150  164  150  936  150  395  150  655  152  746  152  906  152  212  152  508 
152  159  153  962  153  228  153  325  153  262  153  249  153  741  154  708  154  422 
154  616  154  589  155  864  155  501  155  507  156  323  156  869  156  731  156  329 
156  364  156  946  156  375  156  507  157  928  157  609  157  937  157  208  157  950 
157  984  157  541  158  226  158  195  158  913  158  786  158  821  158  574  160  720 
161  385  161  915  161  406  162  733  162  606  163  537  164  179  164  173  165  187 
165  397  165  887  166  240  166  548  166  255  167  243  168  463  168  281  168  199 
169  900  169  402  169  855  169  312  169  892  170  779  172  290  172  583  172  427 
172  654  172  657  172  570  173  387  173  753  173  298  173  624  173  209  173  211 
173  867  173  899  174  703  175  324  176  959  177  809  179  956  180  561  180  403 
180  569  180  378  180  602  181  565  182  601  182  281  182  958  182  533  183  527 
183  755  183  951  183  282  183  253  183  510  183  863  185  210  187  642  187  270 
187  723  187  756  187  540  187  639  189  432  189  539  190  977  190  220  190  727 
191  209  191  303  191  207  192  377  193  396  193  496  193  954  193  669  194  577 
194  201  194  394  194  398  194  304  194  345  197  681  197  724  197  247  197  315 
197  862  200  420  200  945  202  576  202  643  202  486  202  232  202  238  202  817 
202  979  202  630  204  730  204  366  205  931  205  625  205  280  205  793  208  705 
208  968  209  225  209  412  210  448  210  772  211  715  211  580  211  965  211  434 
212  665  212  525  214  321  214  466  214  597  214  407  215  234  216  481  216  488 
216  364  216  824  216  291  216  675  216  985  216  728  216  313  216  443  216  789 
217  867  217  484  217  721  217  227  218  386  218  678  218  809  218  663  219  437 
221  361  221  740  221  477  223  277  225  581  225  945  225  268  225  366  225  445 
227  327  228  826  228  412  228  294  230  234  232  404  233  739  235  430  236  615 
236  271  236  252  236  413  236  798  237  872  237  599  238  465  240  642  240  469 
240  278  240  536  240  475  241  960  241  417  241  998  241  326  241  555  241  300 
241  527  242  416  242  592  242  706  242  843  242  279  242  350  243  561  243  287 
243  292  244  506  244  916  245  635  245  456  245  553  245  443  246  321  247  647 
247  748  248  575  249  352  249  498  250  612  250  517  250  720  250  786  250  773 
250  261  251  700  252  498  253  360  253  587  253  563  253  759  254  879  255  357 
255  586  255  989  255  410  255  906  255  863  256  411  256  641  258  444  258  966 
258  951  262  329  262  682  262  716  262  368  262  721  262  856  264  964  265  397 
265  572  266  954  266  308  268  912  268  365  268  801  269  387  269  903  269  462 
269  374  270  617  271  890  271  711  273  573  275  419  276  679  276  604  276  341 
277  580  278  635  280  425  280  629  280  553  282  701  282  515  282  301  283  993 
285  578  285  584  285  523  285  758  286  668  286  757  286  837  287  353  287  774 
287  999  287  557  287  471  287  347  288  482  289  676  290  922  290  885  290  350 
291  421  291  305  291  670  291  901  292  820  292  538  292  477  292  638  293  457 
293  406  294  548  294  392  294  907  294  756  294  411  295  337  296  712  296  531 
296  983  298  710  298  605  299  709  300  991  301  894  301  495  302  829  304  457 
306  834  306  355  306  390  306  716  306  766  308  434  310  514  311  688  311  803 
312  652  312  793  312  497  313  442  314  994  314  582  314  317  315  608  315  579 
315  478  316  824  316  342  316  653  317  971  317  535  321  401  321  532  321  493 
322  398  323  472  323  487  324  919  324  845  326  715  326  464  326  501  326  343 
326  987  327  481  327  363  327  745  327  331  327  333  327  658  327  468  327  571 
327  963  328  964  332  474  332  742  336  689  336  683  336  701  337  344  337  347 
337  415  339  547  341  460  343  883  344  372  345  603  345  591  345  447  346  424 
347  483  347  425  348  520  351  745  351  571  353  914  353  614  354  380  355  374 
355  543  356  949  358  799  359  373  359  519  360  676  360  895  361  401  361  815 
367  905  367  967  368  500  369  704  369  957  369  910  370  694  371  409  372  971 
373  874  373  611  376  928  377  749  377  526  378  473  378  931  381  487  382  881 
383  390  384  417  384  646  384  717  384  504  385  591  386  823  386  719  387  633 
387  922  387  819  389  528  391  518  392  450  393  609  394  969  394  511  395  961 
395  484  395  467  395  505  396  866  397  767  398  828  398  646  399  696  399  589 
400  963  400  904  400  558  400  894  403  946  403  821  403  415  404  789  407  645 
409  440  409  672  410  640  410  583  410  938  410  820  412  433  413  547  414  556 
415  930  416  744  416  660  418  522  418  693  419  774  420  581  420  776  420  628 
420  953  422  865  422  791  424  943  425  970  426  489  426  593  426  955  426  476 
429  817  429  466  429  467  429  764  430  650  431  656  432  456  432  892  432  647 
433  613  435  950  437  452  437  438  437  687  440  674  441  732  442  800  442  473 
443  714  443  731  443  677  444  513  444  629  444  762  444  797  445  683  446  741 
446  662  446  902  448  651  449  565  454  905  454  735  456  768  456  750  456  995 
456  810  456  846  457  763  458  834  460  502  461  630  462  778  462  839  463  649 
463  804  464  636  465  734  466  732  466  997  473  632  475  781  476  886  480  601 
482  566  484  677  485  707  485  551  488  554  494  618  495  545  495  602  500  881 
500  559  501  918  502  634  502  995  505  753  505  707  507  666  507  690  509  585 
511  812  513  987  514  874  514  702  514  887  516  640  518  567  521  929  521  552 
521  818  521  567  523  831  524  844  524  631  525  914  528  696  528  981  528  549 
532  725  533  661  538  791  538  747  538  694  539  857  548  550  548  620  554  669 
556  652  557  743  558  949  565  627  567  722  567  735  568  607  569  831  572  885 
574  686  576  769  578  880  580  918  582  673  587  825  587  622  590  846  592  637 
592  806  594  836  594  597  599  899  604  638  606  644  607  876  610  955  610  749 
613  674  615  622  619  952  619  884  619  985  623  947  625  653  626  842  627  712 
630  713  631  650  631  734  632  699  636  754  636  938  636  719  638  679  640  766 
646  853  648  840  648  849  652  929  652  891  653  862  654  664  654  889  655  728 
655  675  657  802  657  822  657  678  659  808  659  921  659  875  660  943  667  684 
668  682  672  811  674  977  675  742  678  930  678  790  680  982  681  695  687  904 
687  993  687  973  689  746  690  784  693  761  694  967  699  976  700  801  704  851 
711  767  713  996  713  898  715  747  716  725  718  815  719  901  725  853  725  935 
728  799  731  923  731  942  736  908  736  740  746  754  746  870  746  807  753  988 
755  896  757  782  761  889  763  935  766  884  773  788  779  869  781  991  791  911 
799  886  800  830  804  888  806  925  811  876  812  972  814  861  821  927  826  878 
831  861  831  958  837  942  855  920  859  965  863  972  863  870  881  937  883  940 
886  926  892  970  896  920  896  998  898  932  901  924  910  913  917  968  949  986