0 898
0 4
0 5
0 520
0 647
0 8
0 9
0 10
0 140
0 435
0 142
0 759
0 17
0 18
0 735
0 917
0 22
0 663
0 536
0 282
0 538
0 150
0 160
0 291
0 37
0 936
0 169
0 554
0 967
0 44
0 177
0 178
0 179
0 649
0 982
0 441
0 59
0 266
0 190
0 319
0 706
0 963
0 68
0 199
0 75
0 719
0 722
0 595
0 212
0 270
0 86
0 761
0 472
0 91
0 92
0 221
0 95
0 352
0 955
0 776
0 230
0 600
0 234
0 109
0 984
0 886
0 247
0 596
0 122
0 126
1 100
1 614
1 582
1 392
1 460
1 336
1 791
1 4
1 965
1 709
2 258
2 4
2 5
2 6
2 7
2 11
2 652
2 529
2 18
2 20
2 878
2 23
2 409
2 413
2 418
2 164
2 476
2 171
2 305
2 184
2 701
2 62
2 962
2 70
2 72
2 980
2 472
2 92
2 605
2 225
2 98
2 998
2 786
2 110
2 241
2 759
2 248
3 512
3 4
3 5
3 6
3 7
3 172
3 10
3 343
3 13
3 14
3 399
3 16
3 786
3 19
3 789
3 32
3 33
3 35
3 36
3 774
3 39
3 909
3 169
3 44
3 173
3 321
3 52
3 56
3 185
3 314
3 190
3 65
3 907
3 630
3 73
3 203
3 79
3 312
3 659
3 398
3 313
3 985
3 847
3 94
3 608
3 226
3 740
3 101
3 231
3 489
3 236
3 366
3 936
3 275
3 116
3 118
3 124
3 766
4 5
4 6
4 7
4 8
4 9
4 10
4 11
4 12
4 13
4 14
4 16
4 17
4 530
4 20
4 512
4 24
4 26
4 27
4 28
4 33
4 34
4 35
4 36
4 518
4 38
4 39
4 42
4 888
4 563
4 862
4 55
4 56
4 59
4 63
4 67
4 950
4 73
4 78
4 548
4 80
4 83
4 86
4 89
4 604
4 93
4 95
4 96
4 101
4 102
4 105
4 109
4 111
4 626
4 629
4 125
4 149
4 151
4 154
4 667
4 156
4 168
4 169
4 172
4 691
4 182
4 183
4 187
4 196
4 204
4 207
4 209
4 727
4 217
4 731
4 551
4 241
4 758
4 764
4 767
4 780
4 783
4 275
4 277
4 279
4 281
4 802
4 804
4 808
4 301
4 313
4 320
4 834
4 333
4 335
4 339
4 343
4 344
4 861
4 540
4 813
4 361
4 875
4 885
4 376
4 390
4 912
4 924
4 930
4 431
4 947
4 438
4 442
4 957
4 964
4 454
4 456
4 470
4 474
4 476
4 991
4 992
4 996
4 997
4 486
4 494
4 508
5 133
5 6
5 263
5 8
5 140
5 15
5 18
5 148
5 22
5 408
5 25
5 154
5 27
5 796
5 803
5 549
5 806
5 689
5 297
5 427
5 556
5 264
5 694
5 57
5 316
5 62
5 321
5 450
5 835
5 454
5 72
5 201
5 458
5 961
5 204
5 590
5 79
5 710
5 84
5 569
5 355
5 231
5 363
5 274
5 367
5 624
5 497
5 923
5 115
5 500
5 918
6 256
6 669
6 7
6 393
6 10
6 11
6 12
6 386
6 15
6 921
6 147
6 533
6 22
6 153
6 24
6 25
6 26
6 923
6 282
6 150
6 705
6 987
6 421
6 550
6 433
6 40
6 41
6 43
6 370
6 174
6 47
6 48
6 177
6 306
6 943
6 58
6 59
6 319
6 192
6 193
6 779
6 582
6 327
6 457
6 716
6 811
6 808
6 208
6 959
6 595
6 212
6 88
6 89
6 975
6 92
6 93
6 95
6 870
6 97
6 187
6 357
6 358
6 698
6 259
6 490
6 235
6 620
6 878
6 496
6 296
6 242
6 116
6 886
6 771
6 813
6 447
6 946
6 637
6 767
7 918
7 135
7 8
7 9
7 11
7 270
7 271
7 647
7 21
7 278
7 151
7 29
7 31
7 393
7 34
7 37
7 43
7 44
7 413
7 264
7 50
7 436
7 137
7 312
7 564
7 671
7 61
7 318
7 198
7 71
7 585
7 663
7 589
7 78
7 207
7 337
7 340
7 718
7 603
7 222
7 991
7 96
7 486
7 593
7 492
7 364
7 623
7 880
7 627
7 574
7 596
7 383
7 252
7 277
8 9
8 12
8 14
8 17
8 20
8 23
8 24
8 25
8 26
8 28
8 30
8 31
8 32
8 34
8 39
8 40
8 43
8 46
8 47
8 49
8 50
8 51
8 53
8 54
8 521
8 57
8 60
8 65
8 66
8 580
8 69
8 72
8 74
8 77
8 79
8 84
8 85
8 606
8 96
8 610
8 617
8 106
8 120
8 122
8 123
8 638
8 127
8 140
8 141
8 142
8 154
8 155
8 158
8 161
8 165
8 166
8 540
8 180
8 181
8 188
8 191
8 193
8 194
8 197
8 202
8 205
8 722
8 723
8 214
8 230
8 231
8 519
8 234
8 253
8 726
8 775
8 268
8 269
8 275
8 814
8 284
8 286
8 302
8 310
8 311
8 319
8 832
8 322
8 566
8 332
8 856
8 345
8 349
8 361
8 362
8 888
8 893
8 385
8 388
8 902
8 908
8 409
8 924
8 429
8 946
8 439
8 956
8 448
8 450
8 451
8 457
8 476
8 994
8 597
9 12
9 13
9 15
9 16
9 19
9 21
9 23
9 536
9 26
9 27
9 29
9 30
9 31
9 544
9 35
9 552
9 48
9 49
9 51
9 52
9 53
9 54
9 572
9 64
9 70
9 72
9 80
9 81
9 84
9 85
9 86
9 87
9 91
9 94
9 97
9 98
9 105
9 113
9 119
9 123
9 134
9 648
9 138
9 141
9 144
9 147
9 152
9 159
9 681
9 174
9 176
9 182
9 195
9 709
9 217
9 225
9 738
9 227
9 233
9 251
9 767
9 784
9 281
9 286
9 292
9 840
9 329
9 334
9 335
9 351
9 357
9 884
9 377
9 387
9 900
9 902
9 912
9 408
9 926
9 416
9 932
9 425
9 429
9 439
9 966
9 465
9 473
9 986
9 475
9 477
9 479
9 993
9 995
9 489
10 138
10 22
10 793
10 926
10 491
10 619
10 300
10 430
10 816
10 180
10 437
10 694
10 317
10 82
10 213
10 861
10 94
10 230
10 235
10 493
10 761
10 123
10 764
11 771
11 935
11 514
11 14
11 787
11 668
11 32
11 290
11 49
11 41
11 559
11 305
11 50
11 565
11 826
11 576
11 69
11 28
11 977
11 851
11 91
11 736
11 744
11 747
12 128
12 769
12 811
12 263
12 138
12 523
12 13
12 535
12 15
12 16
12 18
12 19
12 23
12 24
12 153
12 155
12 924
12 158
12 159
12 291
12 294
12 807
12 810
12 427
12 428
12 46
12 431
12 947
12 180
12 542
12 568
12 569
12 60
12 62
12 320
12 65
12 69
12 737
12 328
12 458
12 719
12 480
12 481
12 226
12 996
12 103
12 316
12 107
12 238
12 623
12 503
12 379
12 124
12 382
12 127
13 901
13 518
13 392
13 139
13 17
13 146
13 20
13 21
13 920
13 155
13 160
13 422
13 173
13 499
13 137
13 188
13 445
13 449
13 196
13 582
13 715
13 718
13 788
13 339
13 599
13 344
13 225
13 355
13 100
13 613
13 358
13 743
13 728
13 240
13 83
13 502
13 761
14 256
14 129
14 513
14 650
14 400
14 785
14 146
14 259
14 25
14 30
14 31
14 33
14 290
14 37
14 43
14 688
14 565
14 55
14 316
14 454
14 929
14 200
14 74
14 846
14 81
14 850
14 979
14 215
14 480
14 656
14 874
14 107
14 402
14 254
14 120
14 122
14 126
15 768
15 896
15 132
15 647
15 394
15 402
15 19
15 931
15 166
15 41
15 300
15 175
15 176
15 57
15 445
15 969
15 461
15 337
15 83
15 86
15 953
15 615
15 111
15 241
15 505
15 893
16 262
16 267
16 749
16 144
16 788
16 281
16 413
16 288
16 35
16 38
16 423
16 41
16 170
16 171
16 813
16 48
16 823
16 186
16 61
16 68
16 581
16 76
16 976
16 547
16 90
16 356
16 613
16 999
16 872
16 233
16 106
16 108
16 621
16 111
16 881
16 754
16 762
16 234
16 255
17 36
17 507
17 444
17 223
18 774
18 266
18 130
18 531
18 21
18 601
18 921
18 815
18 28
18 29
18 159
18 289
18 803
18 294
18 369
18 40
18 47
18 435
18 58
18 60
18 61
18 522
18 451
18 455
18 652
18 75
18 923
18 333
18 974
18 211
18 599
18 728
18 217
18 314
18 867
18 100
18 550
18 614
18 106
18 551
18 621
18 241
18 118
18 874
18 249
18 506
18 891
18 381
19 641
19 390
19 391
19 714
19 139
19 45
19 754
19 181
19 214
19 396
19 255
19 245
20 400
20 529
20 411
20 30
20 368
20 38
20 683
20 428
20 48
20 561
20 51
20 308
20 183
20 572
20 64
20 455
20 330
20 341
20 87
20 89
20 347
20 860
20 733
20 226
20 483
20 106
20 112
20 247
20 125
21 129
21 388
21 396
21 156
21 799
21 295
21 42
21 46
21 55
21 315
21 191
21 897
21 968
21 596
21 474
21 352
21 481
21 744
21 658
21 426
22 135
22 585
22 651
22 364
22 46
22 378
22 366
22 278
22 345
22 121
22 266
22 699
22 74
22 134
23 129
23 142
23 271
23 878
23 157
23 167
23 173
23 815
23 50
23 311
23 446
23 620
23 194
23 75
23 724
23 351
23 107
23 108
23 238
23 55
24 27
24 797
24 673
24 930
24 163
24 37
24 47
24 176
24 136
24 52
24 53
24 826
24 315
24 68
24 583
24 76
24 741
24 113
25 448
25 578
25 440
25 698
25 299
25 728
25 175
25 273
25 622
25 142
25 152
25 57
25 378
25 207
25 541
25 93
25 149
26 261
26 405
26 151
26 29
26 33
26 425
26 686
26 49
26 178
26 51
26 56
26 58
26 67
26 82
26 851
26 985
26 485
26 487
26 624
26 116
27 209
27 136
27 234
27 235
27 77
27 909
27 56
27 116
27 372
27 159
27 573
27 69
28 384
28 899
28 396
28 654
28 275
28 665
28 283
28 799
28 165
28 42
28 427
28 45
28 175
28 433
28 699
28 957
28 63
28 587
28 463
28 216
28 219
28 354
28 998
28 619
28 366
28 495
28 889
28 252
29 640
29 896
29 598
29 392
29 395
29 269
29 654
29 621
29 274
29 806
29 278
29 414
29 901
29 32
29 496
29 291
29 36
29 293
29 38
29 423
29 424
29 263
29 813
29 605
29 905
29 561
29 306
29 692
29 713
29 186
29 752
29 447
29 576
29 160
29 66
29 324
29 325
29 73
29 972
29 717
29 206
29 335
29 211
29 852
29 981
29 342
29 625
29 706
29 476
29 349
29 881
29 570
29 229
29 617
29 874
29 239
29 112
29 497
29 370
29 115
29 375
29 505
29 251
30 160
30 801
30 165
30 39
30 424
30 45
30 54
30 40
30 185
30 956
30 832
30 288
30 965
30 71
30 330
30 331
30 464
30 863
30 866
30 99
30 229
30 489
30 107
30 750
30 113
31 257
31 226
31 452
31 298
31 999
31 82
31 188
31 148
31 787
31 347
31 60
31 394
32 256
32 258
32 390
32 137
32 780
32 259
32 148
32 536
32 410
32 155
32 156
32 926
32 287
32 417
32 34
32 933
32 939
32 136
32 58
32 64
32 67
32 966
32 200
32 715
32 162
32 206
32 334
32 92
32 224
32 353
32 354
32 868
32 108
32 371
32 276
32 124
32 381
33 143
33 549
33 166
33 945
33 558
33 177
33 309
33 76
33 204
33 336
33 338
33 602
33 293
33 99
33 868
33 749
33 242
33 244
33 511
34 210
34 171
34 823
34 173
34 589
34 712
34 114
34 147
34 758
34 247
34 420
34 217
34 63
35 385
35 294
35 70
35 903
35 76
35 944
35 841
35 260
35 412
36 64
36 807
36 170
36 494
36 895
36 942
36 639
36 734
36 319
37 790
37 523
37 143
37 145
37 658
37 660
37 150
37 346
37 928
37 679
37 430
37 822
37 578
37 395
37 201
37 595
37 980
37 341
37 723
37 88
37 90
37 104
37 364
37 369
37 115
38 139
38 621
38 205
38 664
38 668
38 931
38 421
38 796
38 42
38 44
38 54
38 183
38 184
38 443
38 61
38 446
38 838
38 333
38 77
38 212
38 987
38 350
38 656
38 354
38 102
38 365
38 189
38 496
38 502
38 119
38 254
39 894
39 552
39 525
39 232
39 629
39 248
39 474
39 125
40 973
40 368
40 469
40 310
40 762
40 795
41 320
41 272
41 66
41 325
41 167
41 307
41 117
41 755
41 221
41 415
42 513
42 391
42 860
42 652
42 587
42 620
42 45
42 270
42 301
42 81
42 242
42 659
42 504
42 836
42 826
42 797
42 629
43 448
43 196
43 335
43 784
43 565
43 887
44 256
44 386
44 135
44 915
44 404
44 156
44 309
44 951
44 699
44 444
44 195
44 70
44 328
44 974
44 351
44 236
44 497
44 250
45 609
45 99
45 131
45 775
45 168
45 553
45 403
45 844
45 783
45 624
45 872
45 178
45 660
45 279
45 888
45 121
45 251
46 65
46 67
46 310
46 753
46 786
46 750
46 303
46 240
46 145
46 146
46 52
46 885
46 404
46 445
46 703
47 489
47 456
47 297
47 426
47 855
47 623
47 112
47 152
47 911
47 521
47 329
47 281
47 511
47 490
47 606
47 223
48 705
48 578
48 358
48 356
48 197
48 202
48 930
48 751
48 211
48 966
48 468
48 90
48 943
48 906
48 965
49 610
49 967
49 584
49 338
49 406
49 825
50 483
50 388
50 74
50 594
50 899
50 820
50 53
50 637
50 222
50 287
51 161
51 133
51 417
51 153
51 508
51 349
51 990
51 261
52 641
52 102
52 71
52 938
52 299
52 88
52 920
52 707
52 89
52 931
53 328
53 673
53 836
53 108
53 840
53 80
53 120
53 150
53 317
54 181
54 486
54 592
54 401
54 274
54 243
54 885
54 408
54 923
54 520
54 62
54 95
55 768
55 516
55 646
55 291
55 559
55 818
55 59
55 327
55 592
55 721
55 526
55 91
55 955
55 103
55 112
55 370
55 243
55 503
55 504
55 249
55 636
55 213
56 224
56 738
56 871
56 584
56 797
56 79
56 594
56 500
56 85
56 918
56 260
56 411
56 90
57 865
57 610
57 907
57 465
57 287
58 576
58 132
58 805
58 839
58 401
58 723
58 213
58 504
58 863
58 575
59 131
59 525
59 657
59 151
59 165
59 307
59 309
59 697
59 314
59 317
59 703
59 706
59 835
59 456
59 201
59 75
59 77
59 78
59 781
59 208
59 823
59 359
59 752
59 115
59 117
60 545
60 546
60 651
60 548
60 202
60 299
60 109
60 642
60 121
60 956
61 98
61 292
61 71
61 658
61 110
61 399
61 218
61 93
62 128
62 261
62 438
62 371
62 930
62 209
62 83
62 660
62 792
62 447
62 126
62 63
63 131
63 812
63 316
63 172
63 238
63 463
63 464
63 553
63 100
64 128
64 66
64 539
64 453
64 104
64 266
64 642
64 713
64 405
64 73
64 84
64 443
64 842
65 677
65 742
65 331
65 687
65 696
65 853
65 601
65 440
65 537
66 900
66 901
66 527
66 277
66 535
66 539
66 546
66 563
66 949
66 695
66 441
66 834
66 841
66 843
66 462
66 211
66 88
66 101
66 110
66 625
66 251
66 636
66 894
67 418
67 163
67 68
67 485
67 904
67 842
67 690
67 81
67 82
67 406
67 478
67 543
68 96
68 130
68 80
68 109
68 114
68 727
68 988
69 97
69 363
69 229
69 678
69 457
69 458
69 557
69 78
69 952
69 562
69 468
69 302
69 855
69 120
69 998
69 554
69 415
70 174
70 145
70 146
71 916
71 124
72 865
72 716
72 524
72 322
72 400
72 264
72 434
72 947
72 724
72 533
72 344
72 859
72 541
73 714
73 906
73 625
73 210
73 404
73 598
73 756
73 667
74 128
74 384
74 133
74 649
74 140
74 397
74 793
74 161
74 557
74 308
74 696
74 698
74 705
74 455
74 586
74 87
74 987
74 221
74 228
74 487
74 104
74 114
74 244
74 119
74 127
75 640
75 260
75 910
75 402
75 835
75 149
75 794
75 815
75 669
75 170
75 303
75 323
75 208
75 339
75 85
75 738
75 99
75 617
75 365
75 126
76 776
76 353
76 168
76 590
76 304
76 593
76 920
76 435
76 734
76 854
76 825
76 348
76 318
77 257
77 130
77 916
77 152
77 412
77 818
77 821
77 569
77 313
77 190
77 848
77 855
77 614
77 615
77 360
77 875
77 237
77 114
77 372
78 102
78 969
78 894
79 430
79 111
79 483
79 462
80 98
80 872
80 394
80 332
80 557
80 498
80 852
80 982
80 745
80 635
80 573
80 606
80 543
81 833
81 933
81 271
81 304
81 789
81 406
81 249
81 154
81 94
81 511
82 741
82 258
82 772
82 645
82 780
82 588
82 141
82 365
82 770
82 179
82 437
82 937
82 964
82 253
83 768
83 129
83 130
83 939
83 257
83 567
83 295
83 500
83 87
83 984
83 409
84 135
84 555
84 877
84 207
84 760
84 213
84 216
84 602
84 507
84 485
85 800
85 449
85 472
85 197
85 746
85 300
85 206
85 726
85 104
85 310
85 332
85 187
85 893
86 257
86 650
86 907
86 268
86 144
86 260
86 670
86 416
86 422
86 816
86 817
86 969
86 757
86 201
86 721
86 983
86 343
86 604
86 605
86 607
86 993
86 742
86 117
86 374
86 253
87 976
87 132
87 356
87 143
87 432
87 164
88 640
88 387
88 261
88 488
88 681
88 458
88 203
88 141
88 846
88 726
88 337
88 434
88 534
88 825
88 133
89 766
89 929
89 373
89 804
89 249
90 224
90 262
90 362
90 301
90 118
90 682
91 227
91 101
91 468
91 216
91 549
92 869
92 503
92 957
93 192
93 690
93 326
93 103
93 714
93 682
93 500
93 210
93 147
93 244
93 853
93 311
93 410
94 548
94 428
94 305
94 105
94 377
95 97
95 829
95 199
95 339
95 967
95 527
95 818
95 179
95 725
95 602
95 426
95 965
96 385
96 138
96 431
96 119
96 412
96 746
97 132
97 103
97 136
97 113
97 630
97 105
97 219
98 357
98 386
99 196
99 517
99 810
99 879
100 481
100 170
100 395
100 246
100 122
100 734
101 517
101 276
101 469
101 793
102 482
102 651
102 279
102 157
103 198
103 457
103 911
103 568
103 860
104 321
104 373
104 205
104 110
104 237
104 432
104 883
104 276
104 473
104 462
104 409
104 315
104 125
104 127
105 418
105 197
105 134
105 591
105 306
105 661
105 509
105 725
106 553
106 522
106 498
106 185
106 413
106 862
107 295
107 391
107 304
107 149
108 288
108 389
108 998
108 618
108 847
108 121
109 515
109 203
109 971
109 631
110 169
110 239
110 296
110 123
111 831
111 145
111 407
111 296
111 685
111 175
111 181
111 184
111 186
111 446
111 117
111 581
111 613
111 229
111 627
111 373
111 634
111 575
111 382
112 285
112 137
112 794
112 491
112 270
112 720
112 302
112 985
112 730
113 870
113 940
113 397
113 189
113 856
113 819
113 665
113 851
113 381
114 778
114 269
114 400
114 280
114 541
114 292
114 806
114 680
114 189
114 193
114 332
114 850
114 471
114 222
114 934
114 359
114 883
114 118
114 252
114 253
115 288
115 334
115 277
115 534
116 459
116 203
116 990
117 717
117 144
117 873
117 186
118 802
118 616
118 208
118 179
118 564
118 662
118 575
119 325
119 248
119 764
120 480
120 644
120 535
120 470
120 459
120 598
120 818
120 272
120 424
120 626
120 403
120 948
120 278
120 439
120 184
120 382
120 805
121 289
121 418
121 131
121 164
121 167
121 588
121 330
121 841
121 889
121 643
121 215
121 420
121 831
121 554
121 543
122 609
122 323
122 267
122 908
122 639
123 673
123 162
123 163
123 906
123 199
123 139
123 948
123 344
123 346
123 636
123 762
123 511
124 389
124 876
124 586
124 778
124 692
124 533
124 697
124 746
124 158
125 960
125 361
125 202
125 492
125 816
125 433
125 228
125 282
125 859
125 362
125 670
126 195
126 297
126 205
126 655
126 980
127 355
127 741
127 615
127 748
127 696
127 429
127 623
127 287
127 869
127 632
127 187
127 221
127 223
128 747
128 877
128 656
128 735
128 188
128 351
129 225
129 612
129 582
129 134
129 243
129 523
129 497
129 182
129 348
129 381
129 414
130 389
130 401
130 805
130 808
130 172
130 174
130 176
130 695
130 954
130 828
130 325
130 199
130 597
130 729
130 861
130 627
130 372
130 377
131 321
131 315
131 167
131 328
131 265
131 298
131 236
131 720
131 323
131 245
131 662
131 777
131 504
131 190
132 273
132 761
134 162
134 269
134 784
134 209
134 789
134 245
134 280
134 732
134 671
135 163
135 327
135 657
135 539
135 158
136 763
136 484
136 417
136 200
136 236
136 693
136 503
137 161
137 148
137 790
137 440
137 509
138 481
138 195
138 333
138 143
138 419
138 757
138 478
139 192
139 994
139 227
139 581
139 428
139 436
139 796
139 574
140 166
140 838
140 157
141 975
142 290
142 803
142 324
142 453
142 233
142 844
142 373
142 470
142 153
142 645
143 375
143 580
143 583
143 360
143 239
143 560
143 215
143 475
144 194
144 171
144 465
144 343
144 376
144 250
144 220
144 254
144 191
145 177
145 338
146 942
146 379
147 637
147 436
147 222
148 442
148 831
149 961
149 298
149 336
149 561
149 375
149 252
150 708
150 244
150 757
151 245
151 157
151 661
152 396
152 786
152 668
152 434
152 948
152 441
152 198
152 329
152 593
152 340
152 471
152 347
152 350
152 994
152 233
152 237
152 374
152 510
153 544
153 206
153 272
153 658
153 631
153 760
153 505
153 510
153 597
154 704
154 579
154 242
154 469
154 214
154 488
154 538
154 478
155 353
155 164
155 709
155 326
155 425
155 238
155 589
155 168
155 787
155 341
155 950
155 713
155 280
155 763
156 162
156 643
156 550
156 429
156 240
156 516
156 284
156 702
156 479
157 551
157 446
158 192
159 443
159 630
159 232
159 938
159 651
159 430
159 817
159 691
159 854
159 566
159 215
159 952
159 410
159 805
160 800
160 546
160 619
160 300
160 178
160 220
161 393
161 294
161 747
161 494
161 532
161 247
161 314
161 191
162 392
162 370
163 306
163 369
163 210
163 771
163 505
163 507
164 548
164 743
164 554
164 977
164 397
164 622
164 721
164 883
164 602
164 283
164 284
165 367
165 568
166 666
167 608
167 228
167 933
167 362
167 301
167 403
168 492
168 346
168 348
169 224
169 870
169 239
169 718
169 406
169 248
169 932
169 218
170 419
170 584
170 618
170 913
170 915
170 566
170 475
171 519
171 650
171 967
171 940
171 180
171 340
172 262
172 388
172 283
174 352
174 326
174 371
174 182
174 379
174 285
175 635
175 268
175 558
175 183
175 797
176 579
176 773
176 679
176 498
176 214
176 553
176 185
176 573
177 324
177 273
177 204
177 910
177 688
177 541
178 973
179 449
179 323
179 964
179 198
179 267
179 573
179 515
179 691
179 729
179 537
179 764
179 285
180 380
181 194
181 555
181 626
181 478
181 350
181 575
182 320
182 331
182 911
182 822
182 568
182 828
182 255
183 259
183 232
183 235
183 635
183 305
183 367
184 200
184 649
184 588
184 376
184 307
184 246
184 777
184 282
184 271
184 220
184 957
184 255
185 880
185 847
185 646
185 265
185 719
185 675
185 919
185 827
185 414
186 356
186 517
186 265
186 337
186 882
186 758
186 809
186 572
187 193
187 927
187 907
187 528
187 212
187 666
187 219
187 508
187 189
188 384
188 749
188 782
188 687
188 274
188 854
188 695
188 537
188 218
188 410
189 482
189 292
189 529
189 844
189 898
189 309
189 633
189 733
189 286
190 858
192 864
192 280
193 699
193 574
194 945
194 246
195 544
195 262
195 496
195 273
195 472
195 701
195 223
196 707
197 612
197 296
197 777
197 346
198 854
198 639
199 353
199 577
199 683
199 748
199 802
199 463
199 661
199 889
199 824
199 559
199 412
199 866
200 866
200 772
200 453
200 265
200 440
200 467
200 469
200 538
200 798
201 243
202 706
202 715
202 491
202 364
202 877
202 989
202 378
202 340
202 408
202 468
202 218
202 603
202 542
203 738
203 422
203 232
203 526
203 405
204 717
204 308
204 516
204 254
205 484
205 453
205 263
205 842
205 216
205 474
206 228
206 330
206 978
207 384
207 482
207 230
207 532
207 565
207 633
207 917
208 289
208 322
208 822
208 546
208 526
208 303
208 380
208 285
208 702
209 736
209 673
209 711
209 788
209 635
209 380
210 912
210 530
210 547
210 692
210 629
210 824
210 730
211 570
212 737
212 258
212 264
212 268
212 678
212 742
212 220
212 477
212 799
213 272
213 731
214 896
214 464
214 603
214 283
214 493
214 654
214 499
214 308
214 663
214 219
214 378
214 751
216 298
216 922
216 533
216 250
216 477
217 864
217 739
217 522
217 237
217 437
217 342
217 649
217 850
217 842
218 616
218 527
219 227
219 357
219 630
219 895
220 879
220 411
220 380
221 322
221 579
221 231
221 679
221 878
221 304
221 466
221 279
221 317
222 938
222 624
222 785
223 915
223 447
224 477
225 977
225 531
226 449
226 819
227 350
228 480
228 451
228 944
228 723
228 564
228 470
229 361
229 437
230 916
230 246
230 700
231 964
231 701
231 240
231 382
232 992
232 560
233 495
233 348
234 293
234 487
234 913
234 732
235 522
235 445
235 895
236 864
236 783
236 377
237 675
237 460
237 849
237 434
237 250
237 507
238 577
238 295
239 359
239 342
239 349
240 397
240 532
241 375
242 992
242 674
242 679
242 681
242 398
242 563
242 307
242 590
242 990
242 703
243 685
244 612
244 297
244 720
244 403
245 290
245 614
245 816
245 730
245 636
246 515
246 525
246 849
246 598
246 318
247 485
247 781
247 686
247 405
247 411
248 512
248 616
248 407
248 777
248 642
248 571
249 968
249 267
249 655
249 976
249 372
249 379
250 812
250 394
250 276
250 663
250 639
251 483
251 909
251 303
251 313
252 289
252 642
252 963
252 784
252 851
252 925
252 510
253 524
254 555
257 360
257 879
257 552
258 293
259 421
260 960
260 473
262 704
262 994
262 359
262 395
262 885
263 547
263 650
263 692
263 824
263 318
264 608
264 672
264 329
264 589
264 847
264 762
264 773
265 484
265 501
265 312
265 506
266 751
267 896
267 486
267 529
267 827
267 986
268 609
268 900
269 669
269 880
270 560
270 961
270 387
270 681
270 730
271 352
271 367
272 934
272 627
272 284
273 454
273 302
273 914
273 919
273 444
273 286
273 543
274 928
274 355
274 358
274 622
274 536
274 607
275 800
275 461
275 739
275 989
276 585
276 831
277 538
278 725
279 551
279 745
279 618
279 334
280 398
280 601
281 416
281 672
281 460
281 941
281 558
281 892
282 416
282 363
282 526
282 399
284 938
284 402
284 600
285 710
285 653
285 431
285 823
286 450
287 501
288 963
288 581
288 966
288 659
288 479
289 578
289 717
289 853
289 857
289 955
289 830
290 843
290 423
290 908
290 594
292 779
292 299
292 556
292 971
292 657
292 564
293 867
294 432
294 701
294 894
295 312
295 345
295 383
296 368
296 921
297 919
298 393
298 451
298 857
299 572
300 779
300 794
301 962
301 712
304 997
304 585
304 539
305 389
305 331
305 509
305 499
305 311
305 915
306 688
306 324
306 336
306 693
306 567
307 801
307 647
307 724
307 865
308 662
308 366
308 752
308 886
309 740
309 560
310 570
311 743
311 342
312 935
312 601
312 766
313 360
313 595
313 628
313 982
314 866
314 958
314 810
314 843
314 653
314 686
314 973
314 341
314 700
314 734
315 675
315 460
315 686
315 499
315 592
315 728
315 371
315 374
315 970
316 419
316 487
316 690
316 387
316 506
316 700
317 327
317 391
317 845
317 807
319 550
319 338
319 631
320 991
321 893
322 419
322 484
322 950
322 374
323 632
323 604
324 326
324 753
324 840
324 925
324 383
325 466
326 450
326 461
326 401
327 354
327 580
327 838
327 905
327 363
327 782
327 432
327 822
327 698
328 609
328 727
328 494
328 881
328 617
328 863
329 817
329 571
330 638
331 587
331 620
331 415
332 945
333 771
333 452
333 748
333 727
333 666
333 347
334 524
334 528
335 467
335 531
335 542
336 672
336 916
337 577
337 707
337 540
338 672
338 592
338 729
338 795
339 898
339 423
339 782
339 345
340 928
340 398
340 671
341 427
342 549
342 785
342 376
343 689
343 882
343 502
344 518
344 683
344 821
345 459
345 433
345 404
345 537
346 648
347 961
347 632
347 368
347 561
347 695
348 421
348 407
348 891
349 747
350 417
350 683
350 632
351 390
351 810
352 645
352 806
352 947
352 765
354 883
354 760
354 670
355 448
355 515
356 656
356 644
356 949
356 858
357 682
358 459
358 510
359 997
359 618
360 962
360 386
360 517
360 552
360 909
360 426
360 919
360 365
360 462
360 694
360 599
360 670
361 488
361 438
361 479
362 836
362 778
362 525
362 463
362 498
362 467
363 545
365 972
365 461
366 407
367 770
367 772
367 488
367 759
367 781
367 369
368 837
369 545
370 544
370 521
370 495
371 506
371 540
372 443
372 420
372 716
372 910
372 466
372 383
373 570
373 415
376 688
376 809
376 696
376 631
377 442
377 765
378 385
378 753
378 754
378 438
378 704
379 904
379 821
379 918
380 646
380 974
380 475
382 968
382 700
383 514
383 684
383 399
383 794
383 414
384 666
385 678
386 833
386 708
386 902
386 912
386 508
386 638
387 929
387 996
387 721
388 848
388 603
389 452
389 455
389 745
389 491
389 782
389 756
389 442
389 607
390 527
390 531
391 583
393 519
393 424
393 687
394 846
394 759
395 780
395 439
395 605
396 588
396 420
396 425
396 492
396 534
397 905
399 556
399 862
400 436
401 756
402 713
402 876
402 591
402 466
402 982
403 521
404 744
405 990
406 562
407 971
407 524
407 653
408 441
408 827
409 705
409 562
409 927
410 490
411 680
411 845
412 770
412 933
412 520
412 530
412 473
413 577
413 622
413 817
413 856
414 512
414 903
414 875
414 569
414 702
415 973
415 889
415 444
416 804
416 422
416 519
416 495
416 848
416 465
416 467
416 532
416 693
416 664
418 707
418 758
418 857
418 829
420 652
421 514
421 755
423 456
423 502
425 576
426 610
426 984
426 634
428 593
429 960
430 662
430 951
430 607
431 545
431 736
431 471
432 643
434 513
434 464
434 435
434 887
435 932
435 968
435 722
437 644
437 516
437 849
438 677
438 946
439 567
440 599
441 716
442 655
442 471
442 943
442 884
443 778
443 556
443 855
445 873
445 753
446 703
447 820
449 452
449 812
449 591
449 563
449 792
449 954
450 839
452 712
452 634
453 870
453 774
454 646
455 890
456 776
456 972
458 820
459 971
459 917
460 841
460 733
460 702
461 613
461 509
462 513
462 520
462 534
462 669
463 779
463 959
464 937
464 908
464 798
465 528
465 732
466 615
466 843
466 690
467 741
467 882
467 501
468 584
469 731
470 752
471 785
472 832
472 586
473 943
473 694
473 735
474 768
474 628
475 769
475 645
476 587
477 675
477 869
477 616
477 600
477 795
478 949
479 746
480 493
481 482
482 913
482 821
482 863
484 580
484 597
485 897
485 493
487 676
487 490
487 900
488 739
489 880
489 547
490 678
491 514
491 668
492 874
492 661
492 952
492 956
492 501
493 710
494 865
494 714
494 660
494 600
495 864
495 518
495 877
495 625
495 633
497 648
497 941
497 718
497 697
498 903
499 740
499 612
500 586
500 824
500 887
501 676
501 654
501 858
502 571
503 674
503 611
503 590
503 559
503 814
503 697
505 935
505 852
505 790
505 890
508 523
508 567
509 641
510 745
510 628
511 626
511 530
513 838
513 583
513 809
513 557
513 891
513 542
514 611
514 562
514 725
514 837
515 978
515 979
515 959
517 931
517 655
518 604
518 637
519 644
519 837
519 528
520 704
520 773
520 689
521 871
522 743
522 945
522 922
523 814
523 535
524 769
525 680
525 940
526 566
527 765
527 735
528 638
529 925
530 742
530 825
531 641
531 801
533 962
533 772
534 832
535 887
537 792
537 958
538 594
539 677
539 555
539 657
539 760
540 708
540 664
540 665
542 925
544 941
546 789
546 857
548 591
549 979
551 711
551 682
551 951
551 574
553 867
553 744
554 970
554 558
554 634
554 766
555 677
555 685
555 884
555 571
555 606
556 963
556 942
557 648
557 859
558 674
560 788
561 904
561 913
562 740
562 792
562 765
562 798
563 712
563 755
564 684
564 814
564 633
568 643
571 685
571 981
572 737
573 911
573 659
573 826
573 767
574 812
575 619
575 944
577 579
577 815
578 775
578 689
580 611
580 901
580 787
581 975
581 873
581 667
582 720
582 798
584 869
585 830
586 988
588 809
589 937
591 596
592 828
593 783
594 995
596 839
596 984
596 733
597 895
598 876
598 628
598 927
600 608
600 611
600 736
600 922
603 811
605 861
605 693
605 665
611 977
612 902
612 793
614 974
615 640
617 671
618 776
619 879
619 891
619 796
621 920
621 991
622 676
623 674
623 939
625 711
625 862
629 763
631 680
631 719
632 927
632 749
632 726
632 664
633 729
635 936
635 791
637 937
638 684
638 653
639 868
639 840
640 791
641 829
642 969
644 811
644 820
646 667
648 856
650 755
651 775
651 830
652 834
653 676
656 709
657 710
657 939
658 989
658 799
660 845
660 846
663 834
663 950
664 884
668 992
668 774
668 892
674 757
675 993
675 983
677 833
677 795
679 750
679 732
680 960
680 684
681 754
682 711
682 848
683 739
683 868
684 773
684 687
685 731
685 722
685 892
686 881
686 756
686 981
687 899
687 839
689 871
689 976
690 748
690 691
691 802
691 999
692 708
692 724
699 898
700 804
701 827
704 940
704 819
706 751
708 934
708 750
709 781
709 905
709 829
710 770
710 715
710 997
710 958
710 959
711 737
711 903
711 849
713 835
714 836
715 800
718 833
723 769
723 808
726 980
726 852
729 983
730 819
737 763
739 928
739 859
740 873
745 995
746 807
746 892
747 932
748 845
749 906
759 970
770 914
772 897
774 801
775 926
777 803
777 981
778 875
778 888
779 948
779 790
779 828
785 972
787 867
789 791
789 986
793 989
795 844
795 850
795 910
801 995
803 860
805 952
805 954
806 882
809 837
809 944
809 951
811 914
812 993
812 922
819 978
823 830
827 899
828 872
832 924
833 999
834 853
837 871
837 858
838 876
841 897
843 934
846 904
852 886
854 936
854 958
862 978
862 917
863 955
865 949
867 953
867 987
868 946
876 985
884 988
884 954
887 935
888 921
888 890
889 890
890 975
891 942
898 914
903 929
910 941
911 953
913 983
921 970
935 953
968 996
969 988
977 979
980 986

Process finished with exit code 0
