0 1 0 2 0 97 0 998 0 999 1 2 1 651 1 268 1 999 2 3 2 331
2 974 3 4 3 5 4 214 4 5 4 6 5 6 5 7 6 8 6 414 6 7 7 8
7 9 8 579 8 10 8 779 9 10 9 83 10 11 10 12 11 12 11 93 12 914
12 14 13 14 13 135 14 16 14 906 14 15 15 16 15 17 16 18 16 450
17 315 17 18 17 19 18 19 18 20 19 20 19 21 20 200 20 22 21 22
21 23 22 873 22 23 23 24 23 25 24 26 24 302 24 837 25 26 25 27
26 27 26 28 27 28 27 29 27 36 28 393 28 29 28 30 29 30 29 31
30 32 30 953 30 31 31 33 31 428 31 276 31 604 32 33 32 34 33 34
33 35 34 35 34 729 35 37 35 577 36 559 37 38 37 462 37 558 38 40
38 500 39 40 39 41 40 41 40 42 41 42 41 43 42 43 42 44 43 44
43 74 44 45 44 231 45 46 45 47 46 48 46 47 47 48 47 49 48 49
48 50 48 311 49 50 49 51 49 645 50 51 50 52 51 52 51 785 51 479
52 920 52 53 53 396 53 54 54 56 54 55 55 56 55 57 55 583 56 824
56 376 56 58 57 58 57 59 58 59 58 60 59 60 59 61 60 61 60 62
60 197 61 62 61 63 62 64 62 288 62 63 63 64 63 313 63 286 64 65
64 66 64 974 64 632 65 66 65 67 66 67 66 445 67 69 67 673 68 744
68 69 68 70 69 200 69 70 69 71 70 71 70 72 70 558 70 531 71 72
71 73 72 73 72 541 73 74 73 75 73 182 74 75 74 76 75 696 75 76
75 594 76 324 76 78 76 180 77 620 77 262 77 78 77 79 78 80 78 645
78 79 79 236 79 81 79 245 80 82 80 204 81 82 81 83 82 587 82 83
82 84 82 127 83 268 83 84 83 702 84 85 84 86 85 86 85 87 86 88
86 516 86 87 87 88 87 89 88 327 88 948 88 822 88 90 89 91 89 878
90 888 90 91 90 92 91 92 91 93 92 93 92 94 93 94 93 95 94 96
94 95 95 96 95 97 96 97 96 98 97 99 98 266 98 100 99 100 99 101
99 811 99 438 99 442 100 101 100 102 101 102 101 103 101 302 101 927
102 112 102 822 102 103 103 104 103 105 104 120 104 105 104 554 105 106
105 107 106 107 106 108 106 775 107 109 107 659 107 473 108 109 108 110
109 110 109 991 110 160 110 112 110 370 111 112 111 113 111 907 112 113
113 114 113 725 114 115 114 205 115 116 115 117 116 117 116 759 117 118
117 119 118 120 118 376 119 120 119 776 119 251 120 121 121 122 121 123
122 123 122 124 123 678 123 124 123 191 124 125 124 211 125 593 125 990
125 253 125 126 126 128 126 127 127 128 127 729 128 129 128 130 128 925
129 130 129 131 130 234 130 131 130 132 131 132 131 133 131 438 132 133
132 134 133 392 133 667 134 136 134 750 134 135 135 136 135 974 136 137
136 138 137 138 137 139 138 291 138 139 138 140 138 827 139 140 139 141
140 867 140 141 140 142 140 835 141 143 141 178 141 947 142 144 142 143
143 144 143 145 144 579 144 367 145 312 145 958 146 147 146 148 147 369
147 385 148 563 148 149 149 150 149 151 150 152 150 997 151 152 151 153
152 153 152 154 153 769 153 232 153 469 153 155 154 155 154 156 155 156
155 157 156 157 156 158 157 514 157 158 157 159 158 160 158 679 158 159
159 160 159 161 160 162 161 162 161 995 161 982 162 163 162 164 163 164
163 165 164 165 164 166 164 205 165 475 165 167 166 167 166 298 166 382
167 168 167 169 168 170 168 540 168 895 169 275 169 171 169 407 170 171
170 172 171 172 171 815 172 173 172 174 173 174 173 671 174 176 174 387
174 175 175 176 175 177 176 177 176 178 176 475 177 178 177 179 178 330
178 664 179 947 179 181 180 822 180 182 181 182 181 183 182 184 183 185
183 860 184 185 184 186 184 629 185 186 185 187 186 187 186 188 187 189
187 762 188 189 188 190 189 877 189 190 189 191 190 192 190 683 191 192
191 193 192 193 192 194 193 194 193 195 194 195 194 196 194 427 195 196
195 197 196 197 196 198 197 198 198 200 198 235 198 199 199 200 199 201
199 985 200 202 200 667 201 202 201 203 202 203 202 828 203 204 203 205
204 205 204 206 204 404 205 207 206 209 206 207 207 480 207 209 208 209
208 210 209 873 209 211 210 720 210 212 211 212 211 213 212 724 212 214
213 690 213 627 214 216 215 216 215 420 216 217 216 218 217 218 217 219
218 219 218 852 219 220 219 398 219 446 220 221 220 222 221 293 221 222
221 223 222 224 222 614 222 337 223 224 223 225 224 225 224 226 225 226
225 227 226 228 226 836 227 228 227 229 228 229 228 230 229 230 229 231
230 232 230 231 231 232 231 233 232 594 233 234 233 235 233 965 234 235
235 237 236 238 237 238 237 239 238 240 238 353 239 240 239 646 239 663
240 241 240 242 241 242 241 243 242 243 242 244 243 244 243 245 244 245
244 246 245 246 245 247 246 248 246 247 247 840 247 700 248 249 248 537
249 672 249 250 250 251 250 252 251 252 252 253 252 254 253 254 253 255
254 256 254 255 255 256 255 257 256 258 256 981 257 258 257 259 258 259
258 260 259 260 259 261 260 489 260 261 261 383 261 262 261 263 262 263
262 307 263 264 263 265 263 551 264 265 264 266 264 814 265 266 265 267
266 267 266 268 267 268 267 269 268 269 269 621 269 270 270 272 270 398
271 273 271 341 272 273 272 274 273 274 273 275 274 275 274 276 275 747
275 277 276 493 277 278 277 279 278 280 278 279 279 280 279 281 280 281
280 282 280 407 281 282 281 283 282 283 282 284 283 803 283 284 283 285
284 285 284 286 285 301 285 287 286 288 287 288 287 289 288 289 289 290
289 291 290 291 290 292 291 592 292 772 292 306 293 295 294 296 294 295
295 296 295 297 296 320 296 297 297 298 297 299 298 299 299 300 299 301
300 302 300 327 301 930 301 302 301 303 302 304 303 304 303 305 304 305
304 306 305 306 305 307 306 307 306 308 307 309 308 309 308 310 309 582
309 754 309 310 310 312 310 709 311 312 311 321 312 313 312 466 313 397
313 314 313 475 314 315 314 316 315 316 316 923 316 949 316 318 317 603
317 318 317 319 318 320 318 319 319 320 319 321 320 321 320 322 320 354
321 322 322 323 322 324 322 325 323 324 323 325 324 325 324 326 325 327
326 328 326 516 326 327 327 329 327 617 327 444 328 985 328 330 329 801
329 331 330 618 330 331 331 332 332 785 332 939 332 334 333 334 333 335
334 336 334 335 335 336 335 337 336 656 336 337 336 338 337 679 337 830
338 353 338 339 338 543 339 340 339 341 340 341 340 342 341 342 341 701
342 344 342 980 343 344 343 345 344 346 344 514 345 346 345 347 346 578
346 443 346 348 347 734 347 846 348 400 348 349 349 855 349 351 350 352
350 363 350 351 351 352 351 353 352 353 352 354 353 355 354 356 355 434
355 356 355 357 356 740 356 357 356 826 357 358 357 359 358 360 358 359
359 360 359 361 360 361 360 362 360 819 361 362 361 363 362 363 362 364
363 364 363 823 364 365 364 598 365 366 365 607 366 368 366 367 367 368
367 369 368 369 368 370 369 754 369 370 370 512 370 372 370 568 371 372
371 373 372 705 372 374 373 448 373 374 374 786 374 375 375 376 375 377
375 495 376 378 377 378 377 379 378 379 378 555 379 380 379 381 380 381
380 382 381 382 381 383 382 384 382 383 383 574 383 677 384 385 384 386
385 386 385 387 385 828 386 387 386 715 386 491 387 940 388 389 388 390
389 390 389 391 390 392 390 391 391 392 391 393 392 393 392 394 393 394
394 395 394 396 395 396 395 432 395 659 395 922 396 397 396 398 397 399
398 399 398 400 399 400 399 401 400 970 400 401 400 402 401 721 401 402
401 403 402 403 402 404 403 404 403 405 404 406 405 406 405 407 406 408
406 407 407 882 408 409 408 410 409 410 409 411 409 522 410 411 410 412
411 573 411 635 411 413 412 414 412 719 413 414 413 415 414 415 415 416
415 417 415 818 416 417 416 418 417 418 417 419 418 419 418 420 419 979
419 420 419 421 420 421 420 422 421 422 421 423 422 424 422 423 423 424
423 425 424 426 424 599 425 426 425 718 426 427 426 428 427 428 428 609
428 429 429 555 429 430 429 431 430 432 430 431 431 432 431 433 431 954
432 433 433 434 433 435 434 435 435 624 435 437 436 553 436 437 436 438
437 438 437 439 438 875 439 440 439 441 440 441 440 442 441 442 441 443
442 444 443 444 444 445 444 446 445 446 445 447 446 534 447 448 447 449
447 795 448 449 448 450 449 450 449 451 450 451 450 598 451 452 451 453
452 453 452 454 453 454 453 455 454 456 454 533 455 456 455 457 455 735
456 457 456 458 457 833 457 458 458 459 458 460 459 461 459 846 460 461
460 462 461 980 461 462 461 463 462 463 462 464 462 990 463 770 463 464
463 959 464 465 464 466 465 466 465 467 466 497 466 468 467 469 467 854
468 469 468 470 469 470 470 472 470 967 470 471 471 472 471 473 472 473
472 474 473 475 474 665 474 475 474 476 475 476 476 477 476 478 476 690
477 682 477 478 477 479 478 480 478 479 479 481 480 481 480 482 481 482
481 483 482 483 482 484 483 484 483 485 484 706 484 486 485 486 485 487
486 488 486 487 487 488 487 489 488 489 488 490 489 490 489 491 490 802
490 491 490 492 491 492 491 493 492 681 492 493 493 805 493 713 494 496
494 495 495 497 496 497 496 498 497 499 497 691 497 699 497 605 498 706
498 499 499 500 499 501 499 689 500 501 500 502 501 502 501 503 502 504
502 503 503 504 503 762 503 667 504 505 504 506 504 644 505 895 505 506
505 507 506 507 506 508 507 508 507 639 508 509 508 510 509 846 509 510
509 511 510 512 510 511 511 512 511 513 512 513 513 673 513 515 513 981
514 515 514 792 515 516 515 517 516 785 517 518 517 519 518 520 518 519
519 520 519 521 520 522 520 651 521 522 521 523 522 524 522 561 523 524
523 525 524 525 524 526 525 632 525 526 526 528 526 527 527 768 527 529
528 529 528 530 528 590 529 530 529 531 530 532 530 614 531 698 531 533
532 765 532 534 532 847 533 546 533 534 534 883 534 535 535 536 535 537
536 712 536 906 536 538 537 538 537 539 538 539 538 540 539 540 539 914
540 542 541 542 541 543 542 695 542 826 542 543 543 544 543 545 544 545
544 546 545 546 545 547 546 547 546 548 547 891 547 549 548 549 548 550
549 550 549 551 550 552 550 551 551 552 552 553 552 980 552 571 553 555
554 555 554 556 555 557 556 635 556 558 557 558 557 559 559 560 559 561
559 924 560 904 560 562 560 574 561 563 562 940 562 563 562 564 563 582
563 565 563 564 564 565 564 566 565 566 565 567 566 568 566 567 567 568
567 569 568 569 568 570 569 570 569 571 570 571 570 572 571 572 572 573
572 574 573 575 574 576 575 577 575 603 576 577 576 578 577 579 577 638
578 579 578 580 579 580 579 581 580 581 580 582 581 582 581 583 582 584
583 584 584 585 584 586 585 586 585 587 586 587 586 588 587 589 588 589
588 590 589 590 589 591 590 592 591 592 591 593 592 593 592 594 593 595
594 595 594 596 595 995 595 596 596 597 596 598 597 598 597 599 598 599
598 600 599 976 599 601 600 601 600 602 601 602 601 603 602 603 602 604
603 604 604 605 604 606 605 734 605 607 606 608 606 607 607 608 607 609
608 609 608 758 609 610 610 611 610 612 610 993 611 612 611 613 612 645
612 631 612 663 613 614 613 615 614 615 615 616 615 617 616 712 616 617
616 618 616 818 617 618 618 619 618 620 619 620 619 621 620 622 621 622
621 623 622 624 622 623 623 624 623 937 624 625 624 626 625 626 625 627
625 747 626 627 626 628 627 628 627 629 628 629 628 630 629 630 630 632
630 631 631 632 631 633 632 634 633 634 633 830 634 635 634 636 635 950
635 636 635 637 636 637 636 638 637 768 637 865 637 764 637 639 638 640
638 639 639 640 639 852 640 641 640 642 641 642 641 643 642 643 642 644
643 644 643 645 644 645 646 661 646 647 647 648 647 649 647 947 648 649
648 650 649 650 649 651 650 651 650 652 650 725 651 652 652 653 652 654
653 654 653 655 654 656 654 657 654 655 655 656 655 657 656 658 657 658
658 659 658 945 659 660 659 661 660 930 660 662 661 662 661 663 662 880
662 717 664 666 665 666 666 667 666 668 667 707 667 668 668 782 668 670
669 670 669 671 670 672 670 671 671 672 671 673 672 673 672 674 673 674
674 675 674 676 675 676 675 677 676 677 676 678 677 678 678 680 678 726
679 680 680 681 680 682 681 682 681 683 682 768 682 812 682 684 683 684
683 685 683 765 684 685 684 686 685 961 685 686 686 688 686 687 687 688
687 689 688 689 688 690 689 691 690 692 691 873 692 723 692 693 693 694
693 695 694 696 694 695 695 697 696 929 697 698 697 699 698 802 699 700
699 701 700 701 700 702 701 702 701 703 702 704 702 703 703 704 703 705
704 705 704 706 705 706 705 707 706 707 706 708 707 708 708 709 708 710
709 710 709 711 710 926 710 711 711 712 711 713 713 714 713 715 714 976
714 715 714 956 715 717 716 717 716 718 717 718 717 719 718 719 718 720
718 760 719 720 719 721 720 721 720 722 721 978 721 722 722 723 722 724
723 724 723 725 724 748 724 726 725 727 726 728 727 728 727 729 728 729
728 730 729 731 730 731 730 732 731 732 731 733 732 742 732 734 733 734
733 735 734 736 735 736 736 737 736 738 737 738 737 739 737 939 738 739
738 740 739 740 739 741 740 741 741 742 741 743 742 744 742 743 743 744
743 745 743 960 744 746 745 746 745 747 746 922 746 748 747 748 748 749
748 799 749 958 749 751 750 751 751 752 751 753 752 753 752 754 752 970
753 754 753 755 754 756 755 756 755 757 756 757 756 758 757 933 757 758
757 759 758 760 758 759 759 760 759 948 760 761 761 762 761 763 762 821
762 763 763 764 763 765 764 766 765 767 766 768 766 767 767 768 767 769
768 770 769 770 769 771 770 771 771 772 771 773 772 773 772 774 773 774
773 775 774 776 774 775 775 776 776 864 776 777 776 778 777 778 777 779
778 779 778 780 779 780 780 781 780 782 781 995 781 782 782 784 782 783
783 784 783 785 784 785 784 786 785 786 786 787 786 788 787 788 787 789
788 789 788 790 789 790 789 791 790 792 790 791 791 792 791 793 792 794
793 794 793 795 794 795 794 796 795 797 796 797 796 798 797 798 797 799
798 800 798 799 799 800 799 801 800 801 800 802 800 858 801 802 801 803
802 804 802 893 803 805 804 824 804 805 805 806 805 807 806 808 806 807
807 808 807 809 808 809 808 810 808 902 809 810 809 811 810 811 810 812
811 812 812 814 813 814 813 815 814 816 815 816 815 926 816 817 816 818
817 818 817 819 819 820 820 821 820 822 821 822 823 824 824 825 824 826
825 826 825 827 826 827 826 828 827 829 828 829 829 830 829 831 830 832
830 831 831 832 831 833 832 833 832 834 833 834 833 835 834 835 834 836
835 836 836 837 836 838 837 838 838 840 838 839 839 840 839 841 840 841
840 842 841 842 841 843 841 950 842 843 842 844 843 844 843 845 844 845
844 846 845 846 845 847 846 848 847 848 848 849 848 850 849 953 849 851
850 851 850 852 851 960 851 852 851 853 852 853 852 854 853 854 853 855
854 856 854 855 855 856 855 857 856 857 856 858 857 858 857 859 858 860
859 861 859 887 860 867 860 861 861 862 861 863 862 864 862 863 863 864
863 865 864 866 865 866 866 867 866 868 867 869 868 869 868 870 869 870
869 871 870 872 870 871 871 872 871 947 872 873 872 874 873 874 873 875
874 875 874 876 875 877 876 877 876 878 877 879 878 880 878 879 879 880
879 881 880 881 880 882 881 882 881 883 882 884 883 890 883 884 883 885
884 885 884 886 885 886 885 887 886 888 886 887 887 888 887 889 888 889
889 890 889 891 890 892 891 892 891 893 892 893 892 894 893 895 894 896
894 895 895 897 896 897 896 898 897 898 897 899 898 899 898 900 899 900
899 901 900 901 900 902 901 902 901 903 902 903 903 904 903 905 904 905
904 906 905 906 905 907 906 907 907 908 908 909 908 910 909 910 909 911
910 912 910 911 911 912 911 913 912 913 912 914 913 914 913 915 914 915
914 951 915 916 915 917 916 917 916 918 917 918 917 919 918 920 918 919
919 920 919 921 920 921 920 922 921 952 921 923 922 924 923 924 923 925
924 925 925 926 926 928 926 927 927 928 928 929 928 930 929 930 929 931
930 931 931 932 931 933 932 933 932 934 933 935 934 936 934 935 935 936
935 937 936 937 936 938 937 938 937 939 938 939 938 940 940 942 941 942
941 943 942 944 942 943 943 944 943 945 944 945 944 946 945 946 945 947
946 947 946 948 947 948 948 950 949 950 951 952 951 953 952 953 952 954
953 954 954 956 955 956 955 957 956 957 957 958 957 959 958 960 958 959
959 960 959 961 961 962 961 963 962 963 962 964 963 964 963 965 963 973
964 965 964 966 965 967 966 968 966 967 967 968 968 969 968 970 969 970
969 971 971 972 971 973 972 973 972 974 973 975 974 975 974 986 975 976
975 977 976 977 976 978 977 978 977 979 978 980 979 980 980 981 981 982
981 983 982 984 982 983 983 984 983 985 984 985 984 986 985 986 986 987
987 988 987 989 988 989 988 990 989 990 989 991 991 992 991 993 992 993
992 994 993 995 994 995 994 996 995 996 996 997 996 998 997 998 997 999
998 999